A 1846 1057 1041 250 3 4
A 473 871 637 209 1 10
A 1359 946 1516 41 1 8
A 1623 358 1642 812 1 2
A 1572 925 1293 511 1 9
A 722 708 875 995 3 1
A 434 348 718 624 2 3
A 1277 445 1519 240 1 5
A 1393 247 1235 490 2 5
A 386 333 1257 666 2 8
A 1550 780 135 334 1 4
A 1830 528 1264 788 3 0
A 973 10 978 959 3 7
A 1474 848 1009 384 2 6
A 116 321 1101 303 1 9
A 1690 1063 54 232 3 4
A 593 651 128 854 1 9
A 285 956 967 896 2 5
A 1744 582 1714 296 3 3
A 126 995 325 138 1 10
A 712 612 804 974 1 10
A 772 1058 53 959 3 6
A 1452 422 1003 803 2 3
A 516 207 855 144 2 8
A 76 429 1044 896 3 9
A 1554 684 129 106 2 8
A 768 751 741 813 2 10
A 1345 751 879 1063 3 10
A 192 431 804 999 3 7
A 102 379 1581 723 3 8
A 1554 627 1875 1047 1 2
A 1330 917 1813 17 1 7
A 841 494 254 1038 1 4
A 1889 802 555 408 3 2
A 946 232 946 823 2 7
A 703 1069 471 95 3 2
A 1890 204 1682 962 3 5
A 409 331 1524 835 3 3
A 1068 343 321 65 2 3
A 1041 649 1624 1010 1 0
A 66 209 443 451 3 2
A 1019 455 68 913 2 9
A 169 846 375 748 1 6
A 690 273 735 451 3 7
A 577 723 299 844 3 3
A 1162 922 1371 29 3 3
A 1184 500 202 299 3 5
A 1275 12 797 31 1 1
A 932 309 997 360 2 5
A 1778 173 1514 611 2 6
A 1608 627 1783 772 1 6
A 587 672 453 517 3 3
A 1641 992 676 44 1 10
A 241 495 1570 871 1 3
A 1548 6 341 515 1 9
A 898 414 1654 582 3 7
A 1060 768 1885 1061 1 4
A 1544 854 936 661 1 6
A 917 688 972 99 2 8
A 1094 790 1157 420 2 6
A 1480 776 372 602 2 2
A 1219 245 577 197 3 5
A 1080 589 266 605 2 0
A 1354 772 1841 651 2 1
A 1048 647 749 302 2 2
A 1604 130 668 772 3 10
A 1209 178 1294 590 3 8
A 729 27 937 956 2 7
A 1788 907 448 282 2 10
A 1670 739 1034 954 2 9
A 1250 843 67 980 3 2
A 174 699 1636 942 3 10
A 799 783 1533 125 3 6
A 1417 1 402 419 1 5
A 233 72 829 189 2 9
A 606 375 1010 467 2 2
A 634 274 1307 314 1 2
A 944 703 1016 553 3 7
A 1800 902 1737 555 2 2
A 1668 864 283 52 1 9
A 55 496 772 55 1 7
A 824 857 923 513 3 5
A 1014 996 685 827 3 2
A 36 206 92 824 1 9
A 1542 627 1432 202 3 7
A 514 767 1089 302 1 7
A 1748 962 903 910 2 4
A 1135 313 547 836 3 5
A 902 650 1467 1039 3 9
A 743 1063 6 731 2 10
A 1558 87 1064 682 3 8
A 225 792 160 1018 3 7
A 1539 230 1492 470 2 1
A 128 889 1184 689 3 8
A 1435 661 1274 805 1 5
A 325 262 510 14 1 10
A 1283 643 1695 594 1 8
A 1133 28 171 174 1 5
A 1322 142 404 323 2 3
A 1708 898 114 928 2 1
T 690 480 49
T 545 350 61
T 1220 620 38
T 835 445 56
T 505 280 73
T 1040 380 52
T 395 710 39
T 950 240 63
T 1385 690 43
T 620 155 78
T 770 500 41
T 1310 710 34
T 870 310 59
T 515 300 66
T 1100 580 46