A 44 132 1349 352 3 7
A 810 511 1758 478 2 5
A 1212 18 804 663 2 10
A 325 29 1394 134 2 2
A 115 613 1382 623 1 2
A 489 753 20 1025 3 9
A 643 96 1393 712 1 7
A 105 256 1261 1034 3 4
A 1632 603 705 974 1 0
A 1437 926 243 811 1 0
A 1758 981 1078 203 1 6
A 894 582 1796 184 1 0
A 824 935 31 464 2 2
A 364 739 1330 213 1 0
A 57 90 224 483 3 9
A 1138 19 648 671 2 3
A 898 984 191 792 1 6
A 1495 878 281 749 3 2
A 240 740 1089 715 1 8
A 1442 198 1382 1011 1 0
A 1784 734 1094 607 1 8
A 569 383 706 738 2 1
A 448 522 462 214 1 3
A 1911 1051 1407 498 2 1
A 1251 795 1873 385 1 10
A 1797 724 791 833 3 3
A 451 34 744 616 2 2
A 423 117 1864 942 1 5
A 1665 656 1139 90 1 0
A 587 928 573 734 3 7
A 28 830 531 412 3 2
A 289 1021 1441 957 1 0
A 1104 146 1210 751 2 7
A 1835 876 580 893 3 0
A 1585 947 636 706 3 5
A 1880 306 944 255 2 10
A 1574 124 160 1026 2 6
A 1258 182 1484 85 3 8
A 100 952 298 32 3 8
A 832 406 424 620 2 8
A 863 1063 256 850 1 6
A 1064 240 130 891 3 5
A 579 315 433 900 1 1
A 1642 251 1423 855 2 10
A 1304 85 912 934 2 4
A 396 334 1730 219 1 5
A 212 109 809 864 1 10
A 1029 550 1124 424 2 10
A 574 450 1716 923 2 3
A 1668 255 55 971 3 7
A 1904 311 323 857 1 4
A 1511 312 949 104 1 4
A 1610 797 1121 301 1 2
A 1660 209 1263 112 2 1
A 1013 738 1231 979 3 9
A 1272 133 354 870 3 2
A 1450 410 1306 409 2 9
A 1231 165 1212 304 1 0
A 45 663 641 832 2 6
A 615 757 129 800 2 4
A 170 1068 1615 530 3 2
A 1866 414 550 72 3 10
A 271 287 1056 850 3 4
A 372 840 747 689 1 6
A 15 407 861 1025 3 8
A 922 932 166 885 1 0
A 1877 104 1856 62 3 8
A 1632 524 165 664 3 2
A 1074 857 838 248 2 10
A 1146 694 1690 488 3 3
A 548 961 803 763 3 1
A 1386 327 389 129 2 9
A 617 109 425 352 2 6
A 271 303 1830 994 1 7
A 732 680 474 705 2 4
A 105 873 615 5 1 8
A 1735 47 1216 572 1 4
A 620 578 1898 442 1 0
A 1342 366 1728 321 3 6
A 1460 769 258 86 2 8
A 1817 343 785 1036 3 2
A 685 703 336 692 1 4
A 128 195 78 1011 1 1
A 1550 462 1263 1024 3 9
A 233 721 79 947 1 1
A 1650 500 1446 473 1 8
A 1604 186 1334 30 3 9
A 391 521 1318 509 2 10
A 1024 184 1343 739 3 6
A 219 198 692 350 2 4
A 1157 530 1454 568 3 6
A 1453 373 927 472 3 5
A 1343 50 488 240 1 3
A 271 60 367 685 2 0
A 1492 494 1209 530 1 9
A 1739 952 674 534 1 10
A 164 203 145 868 1 8
A 1871 605 1595 367 1 3
A 866 609 118 930 1 2
A 1907 354 1883 842 3 3
A 362 729 1119 747 2 4
A 1063 327 780 15 2 3
A 660 663 300 941 1 8
A 660 376 1597 306 2 4
A 532 901 51 166 1 6
A 630 992 493 688 1 1
A 1669 386 1771 373 1 8
A 1199 833 1245 705 2 6
A 1777 948 914 939 2 0
A 1435 204 795 264 2 7
A 1807 590 523 914 2 2
A 989 82 1218 682 3 3
A 480 1018 1220 638 2 0
A 571 561 1191 611 1 8
A 183 1049 10 447 1 0
A 1026 539 1516 670 2 5
A 1258 383 1194 626 2 3
A 1660 462 1068 990 1 2
A 24 559 1898 399 1 4
A 1390 162 551 897 2 2
A 711 563 1829 1048 2 2
A 487 372 39 411 2 9
A 1883 1067 1829 654 3 3
A 1864 515 1452 1020 3 1
A 1158 655 1286 367 1 3
A 116 975 1700 632 2 8
A 323 361 1140 521 2 4
A 1334 964 1777 728 1 7
A 1520 245 259 668 3 2
A 1197 468 437 725 1 6
A 227 433 1629 137 1 4
A 476 853 1479 317 3 9
A 1863 1009 1049 81 1 7
A 326 884 1188 328 1 9
A 1654 404 586 149 3 2
A 713 1077 510 617 1 8
A 1103 1080 1075 51 2 7
A 1749 1017 1522 947 3 5
A 638 157 1408 348 2 10
A 674 516 200 328 3 8
A 797 892 1142 1031 1 6
A 1638 327 1534 876 2 10
A 632 682 1051 829 2 10
A 1510 212 947 1017 3 3
A 1386 1071 1069 366 3 1
A 248 849 1634 883 3 9
A 1120 933 1326 305 1 6
A 875 517 1494 1040 2 2
A 344 299 312 111 3 5
A 881 176 1389 868 1 4
A 1246 897 559 900 2 4
A 1757 82 21 308 3 8
A 902 993 235 76 2 4
A 50 118 1705 47 3 9
A 1461 862 260 1040 3 2
A 1269 771 325 165 2 4
A 539 839 1724 237 1 5
A 1012 577 1371 50 1 2
A 453 249 1755 326 1 9
A 99 1004 1006 476 2 9
A 1897 309 1130 619 1 7
A 1777 427 849 177 3 6
A 287 142 400 1016 1 8
A 829 885 1048 154 2 9
A 911 180 984 627 2 4
A 1263 451 324 300 1 1
A 1488 168 790 145 1 4
A 1449 302 1914 329 1 3
A 54 868 1839 212 3 8
A 1351 1023 1763 401 2 8
A 1770 1012 1312 945 1 0
A 894 215 1632 90 1 5
A 1702 283 1638 977 3 9
A 748 381 1108 1051 3 8
A 1643 567 592 315 2 5
A 721 294 1520 496 3 1
A 107 645 1328 765 3 6
A 1400 1008 1318 224 2 7
A 926 277 425 748 2 4
A 967 570 1247 750 3 4
A 1547 779 845 637 3 8
A 852 472 856 971 2 0
A 223 1 1291 545 3 7
A 1101 688 1020 772 1 5
A 1828 421 1759 51 1 5
A 1821 1070 1438 663 1 7
A 1080 917 9 898 1 9
A 787 560 713 576 1 0
A 846 298 1064 867 2 3
A 78 967 257 657 2 8
A 1730 825 348 573 3 0
A 105 96 1296 539 2 7
A 1737 106 1325 151 3 1
A 1586 769 1829 682 1 6
A 1255 569 761 979 1 1
A 584 5 1186 1040 2 7
A 1666 119 881 1010 2 8
A 837 19 1859 7 2 7
A 122 809 862 821 2 8
A 647 13 723 565 3 0
A 849 969 1740 561 3 6
A 124 531 676 533 3 7
A 1797 685 1814 487 3 6
A 905 371 1757 366 1 8
A 189 928 894 346 1 6
A 1332 786 787 623 1 9
A 577 780 1546 898 2 1
A 61 986 708 296 3 3
A 1862 435 23 482 2 8
A 1100 4 1361 279 2 4
A 1225 721 1710 742 2 2
A 318 1042 1320 720 1 4
A 874 10 687 741 2 4
A 791 412 284 571 1 10
A 1426 884 389 816 2 8
A 913 803 673 984 2 9
A 332 660 1864 486 3 9
A 631 307 126 188 2 6
A 659 675 1465 1041 2 1
A 211 416 1562 715 1 10
A 168 878 1459 1037 3 7
A 13 213 1766 1029 2 7
A 506 302 465 680 2 0
A 1716 223 167 797 2 3
A 1782 1072 1376 289 2 10
A 1521 51 1665 218 2 8
A 1745 514 900 94 2 3
A 1717 455 429 387 2 7
A 1577 1051 55 1076 2 3
A 1304 661 1652 719 2 3
A 1653 1074 1452 635 1 8
A 781 475 499 799 2 4
A 1547 128 1246 205 1 5
A 650 677 1373 897 2 2
A 1099 925 1026 895 2 0
A 470 401 1658 478 1 7
A 1187 394 517 135 1 1
A 1369 466 1768 768 3 1
A 1168 454 1637 87 3 4
A 476 354 1532 275 1 6
A 1530 995 1667 969 3 8
A 953 959 1443 316 3 2
A 1031 1018 846 14 1 3
A 384 414 1822 665 2 10
A 1660 643 938 146 1 4
A 831 31 309 154 3 2
A 1046 779 643 93 1 3
A 1740 334 504 912 2 9
A 449 574 229 294 3 9
A 1113 1009 379 941 1 1
A 1025 1049 968 596 1 3
A 1392 891 236 327 2 9
A 1271 564 979 377 3 3
A 198 352 1528 190 1 5
A 1535 211 1477 737 3 0
A 66 460 1029 242 2 0
A 1486 1078 132 631 1 7
A 145 1071 629 289 3 9
A 922 138 289 643 3 10
A 742 867 1562 499 1 8
A 1719 105 1271 461 1 8
A 649 29 709 207 1 1
A 16 230 163 656 1 10
A 32 713 1124 253 1 7
A 1670 698 367 182 3 10
A 1494 907 1746 542 1 8
A 118 934 996 717 1 2
A 266 514 577 331 3 8
A 771 220 1021 918 2 6
A 373 595 86 202 2 0
A 228 615 1917 887 3 9
A 1382 275 1528 618 3 8
A 1644 860 607 557 1 4
A 339 344 135 340 1 2
A 1370 646 561 67 1 3
A 1716 753 675 1075 2 2
A 1353 570 578 881 2 2
A 967 866 534 1003 3 6
A 46 354 1623 353 2 10
A 650 703 291 622 2 4
A 1666 128 400 251 3 6
A 334 830 759 917 2 9
A 851 369 1911 1032 2 9
A 556 646 1888 251 3 5
A 692 871 129 684 3 5
A 1534 912 1299 643 2 3
A 1063 827 856 395 1 9
A 380 659 879 888 2 10
A 1853 299 1261 824 1 5
A 1142 366 1860 85 2 10
A 634 698 677 46 1 10
A 1552 925 318 607 3 6
A 1465 1019 1511 275 3 2
A 741 395 1418 426 2 5
A 138 67 767 645 3 1
A 276 683 934 708 2 7
A 188 1016 1461 348 1 3
A 1229 980 1465 742 1 0
A 190 230 1873 879 1 9
A 1851 737 455 407 2 8
A 9 871 890 1049 3 5
A 994 863 909 631 1 5
A 604 550 1381 612 3 2
A 1675 462 1864 449 2 8
A 1534 333 1511 444 3 6
A 1851 640 1616 991 1 1
A 853 264 259 596 3 7
A 1229 620 3 769 3 6
A 1184 445 247 409 3 9
A 485 442 68 354 1 5
A 342 930 52 839 3 7
A 301 614 223 964 2 7
A 823 1056 107 260 2 7
A 1397 272 538 115 1 5
A 507 543 885 312 2 2
A 1265 205 1679 797 2 0
A 881 425 1717 190 3 9
A 1695 665 1275 723 1 0
A 1446 480 1563 1004 3 9
A 1686 1080 555 700 2 4
A 547 652 1299 1066 3 4
A 1098 211 1640 827 3 7
A 1181 205 471 483 3 8
A 1192 1026 1523 1073 2 6
A 218 375 1768 441 2 4
A 1721 582 113 1036 1 7
A 57 1052 624 783 2 6
A 94 237 1701 30 1 5
A 1639 619 925 792 2 0
A 1194 332 757 863 3 10
A 1359 756 607 84 2 1
A 1469 762 884 561 3 2
A 1584 263 585 35 1 8
A 1466 435 766 696 1 8
A 1632 554 1245 921 2 5
A 353 200 1205 650 3 7
A 733 6 1805 427 1 3
A 1046 169 952 117 3 6
A 1671 887 356 734 1 5
A 1407 293 98 24 3 0
A 1107 925 1342 1068 2 3
A 518 508 1457 41 3 10
A 914 684 931 802 1 10
A 1590 665 2 541 3 8
A 1455 669 1726 666 2 5
A 565 77 1895 451 1 0
A 1686 242 499 925 3 8
A 915 1071 537 550 2 1
A 1678 472 375 538 2 5
A 513 972 728 260 3 4
A 142 116 94 785 1 7
A 1643 373 1674 1046 1 9
A 67 182 1512 912 3 5
A 1029 1008 1686 829 2 8
A 1119 1038 718 625 3 7
A 344 923 434 891 2 7
A 617 322 346 857 2 0
A 1584 777 1713 723 1 1
A 634 8 877 385 2 1
A 415 179 1549 219 3 8
A 1208 367 600 217 1 7
A 1913 893 717 337 2 7
A 599 178 196 388 3 6
A 1166 403 91 37 3 6
A 444 30 460 604 2 8
A 1628 962 156 35 2 0
A 688 444 1207 214 2 10
A 265 612 1139 703 3 7
A 1731 265 1091 424 3 3
A 1668 529 312 809 3 4
A 19 197 4 436 1 4
A 1015 418 1169 897 1 8
A 566 761 1226 550 1 2
A 260 612 1892 658 2 10
A 1068 766 1918 291 3 0
A 1910 801 105 275 1 0
A 4 864 596 103 2 3
A 1521 646 897 42 2 7
A 1002 435 463 73 2 8
A 555 309 404 37 2 10
A 1720 760 1604 988 3 6
A 949 143 801 271 3 4
A 740 911 1629 469 1 6
A 899 540 166 1 3 4
A 404 976 1765 849 1 9
A 1628 522 688 179 3 1
A 1484 324 1867 557 2 9
A 1445 30 1141 337 2 4
A 1680 556 482 196 3 10
A 1373 361 896 765 3 6
A 1431 830 1683 469 1 4
A 954 112 125 710 3 6
A 563 435 313 862 3 3
A 1249 442 299 453 3 2
A 628 634 888 343 2 8
A 1429 553 1365 545 2 10
A 357 23 1804 209 1 4
A 363 974 899 650 3 2
A 899 679 537 497 2 0
A 1055 28 1629 453 2 1
A 72 416 1347 131 1 10
A 675 653 558 9 3 6
A 409 1014 1307 954 3 8
A 1417 416 495 47 3 5
A 1835 351 1719 534 1 5
A 300 749 509 180 1 6
A 981 544 1011 256 1 5
A 18 632 583 179 3 4
A 752 161 1287 930 2 6
A 475 282 1096 848 1 7
A 1661 72 642 322 3 4
A 662 395 1250 1073 3 8
A 329 427 1212 769 3 6
A 216 627 220 622 3 1
A 1820 147 1837 702 1 10
A 1352 389 914 101 1 0
A 348 797 1440 418 1 3
A 223 706 1857 683 2 7
A 834 291 1061 414 3 7
A 1815 133 993 375 1 5
A 909 28 839 342 1 7
A 651 693 288 9 2 6
A 1471 777 1509 309 2 8
A 1258 623 26 1067 3 8
A 365 334 1581 634 3 6
A 214 742 1534 796 3 0
A 53 452 1285 853 3 1
A 1879 640 452 576 3 2
A 540 301 1120 782 2 1
A 1122 557 433 69 1 10
A 44 809 6 194 2 5
A 621 206 1775 775 1 7
A 1162 637 1891 666 3 8
A 1842 258 659 671 3 0
A 1494 202 866 359 2 8
A 1835 313 362 711 1 4
A 774 946 1768 502 2 5
A 1053 444 1089 935 2 9
A 1557 484 1536 466 2 0
A 917 353 134 289 1 2
A 128 1020 110 635 1 3
A 438 204 1851 996 2 9
A 618 238 1406 410 2 5
A 1192 172 1851 464 1 5
A 200 160 8 190 1 6
A 564 413 1340 819 2 7
A 43 547 1807 213 3 5
A 83 899 994 128 3 7
A 1405 322 1050 807 3 10
A 1838 1056 870 682 3 9
A 1894 297 101 301 1 5
A 228 82 1562 691 3 5
A 1232 473 570 137 3 5
A 1869 803 1880 571 3 3
A 746 891 352 435 1 8
A 1581 673 474 308 1 9
A 290 872 513 595 3 6
A 1278 890 432 647 2 7
A 715 537 1745 969 3 8
A 1070 96 321 605 1 7
A 1601 309 731 885 1 5
A 1553 363 1275 87 3 6
A 1635 21 550 745 3 2
A 1666 835 1097 687 1 8
A 1863 772 1317 632 3 6
A 1419 42 1402 881 3 7
A 845 870 1621 305 2 5
A 133 195 1144 932 1 2
A 1600 630 1306 513 3 7
A 332 11 245 185 1 8
A 1029 985 1664 696 1 10
A 576 426 483 1062 3 1
A 2 154 1148 1003 3 2
A 583 848 924 662 1 0
A 685 817 1698 168 2 7
A 1170 1017 381 690 2 5
A 898 749 347 297 1 9
A 987 38 1249 1070 3 4
A 706 991 11 207 1 9
A 1538 722 1298 335 1 9
A 1581 867 1036 823 2 2
A 553 229 166 343 1 0
A 1092 261 670 764 1 8
A 1549 843 1248 128 1 3
A 501 131 1124 391 2 7
A 1140 883 242 534 2 0
A 1774 537 1490 430 3 3
A 906 500 1589 1031 1 0
A 185 97 174 971 3 9
A 1588 195 1185 689 3 1
A 558 158 1382 1021 1 4
A 478 1057 1672 508 3 5
A 74 842 1357 283 1 8
A 1352 86 1628 561 1 6
A 546 824 1421 1007 3 2
A 284 315 436 740 3 5
A 582 189 746 682 3 5
A 766 672 427 954 2 1
A 896 650 1741 941 3 1
A 731 852 71 831 3 2
A 1482 473 456 1076 3 6
A 914 227 1002 789 1 7
A 970 496 1305 1065 2 0
A 676 704 782 653 1 4
A 1109 1012 820 99 2 5
A 1216 921 1127 37 3 0
A 133 685 1758 735 2 4
A 793 867 363 224 2 2
A 848 297 650 368 3 2
A 776 530 1238 820 1 0
A 1803 258 1011 578 1 5
A 853 609 933 351 3 7
A 800 306 499 457 3 2
A 78 212 558 636 2 4
A 767 234 853 536 2 10
A 1060 1071 341 1028 1 5
A 904 449 747 127 2 9
A 136 917 1180 751 1 7
A 1521 368 1485 1 1 5
A 1582 394 1224 1006 1 0
A 1858 100 1541 299 2 3
A 848 196 1379 402 1 8
A 356 48 1168 331 2 9
A 1821 789 904 810 3 2
A 1398 1014 1559 184 3 9
A 724 610 1261 372 1 5
A 1181 918 437 281 3 5
A 1048 880 1296 12 3 4
A 458 525 783 332 1 4
A 710 822 1772 451 2 8
A 255 520 514 938 1 1
A 1680 919 1009 366 2 4
A 568 655 1713 898 1 10
A 472 921 953 463 3 3
A 1759 784 173 689 1 4
A 1787 688 250 975 2 10
A 1540 319 692 269 2 6
A 1254 526 1375 407 1 3
A 1627 106 767 214 2 8
A 108 41 1611 442 3 0
A 1071 69 1008 916 3 0
A 200 694 1538 463 3 3
A 1702 736 50 1069 2 0
A 465 1000 1426 491 2 0
A 561 334 901 631 1 3
A 1763 479 51 1067 2 9
A 1626 995 820 468 3 1
A 1070 929 1414 131 1 8
A 1141 953 1289 551 1 5
A 732 680 338 921 3 4
A 454 379 690 423 1 7
A 99 375 604 780 3 2
A 1139 1014 405 736 1 1
A 754 919 1049 247 3 10
A 320 407 1902 776 3 7
A 310 221 1662 448 3 8
A 953 239 168 942 1 9
A 736 775 992 476 2 5
A 755 749 565 212 2 7
A 1068 318 339 365 1 10
A 826 356 392 510 3 9
A 785 399 1900 905 1 1
A 1251 672 1381 296 1 7
A 372 1077 1673 572 1 7
A 158 545 1712 106 2 4
A 1375 521 498 946 2 5
A 1231 419 1134 706 1 3
A 1810 999 22 896 1 1
A 952 147 1369 817 2 6
A 86 310 1605 30 3 7
A 1895 360 1388 307 3 8
A 1229 507 934 678 2 6
A 807 614 1745 10 2 5
A 219 528 663 1074 3 0
A 795 730 870 509 2 3
A 905 905 410 409 3 4
A 254 804 506 826 3 0
A 793 974 1034 209 2 6
A 1257 258 1560 1055 1 1
A 940 618 974 738 1 9
A 298 482 1124 857 1 0
A 1300 225 61 294 2 9
A 36 992 593 593 3 6
A 632 288 367 990 1 4
A 1847 151 209 613 1 8
A 475 119 1590 963 1 1
A 1341 409 1398 951 1 9
A 617 208 1786 507 3 2
A 29 903 236 25 1 3
A 997 683 490 770 1 4
A 514 542 944 214 2 8
A 1385 234 1545 561 2 9
A 950 886 1165 247 3 1
A 1251 738 1244 999 2 8
A 983 827 1661 1017 2 6
A 917 811 1684 869 3 9
A 220 762 1759 818 3 5
A 851 140 723 181 1 7
A 199 659 1223 551 2 6
A 1378 116 213 345 1 6
A 564 562 1879 982 1 3
A 1778 14 986 843 3 3
A 1918 171 774 137 3 5
A 1299 162 1363 50 2 4
A 413 705 1340 837 2 2
A 846 230 802 664 3 3
A 1186 430 1428 793 2 7
A 1832 557 323 107 1 1
A 75 286 1902 54 3 1
A 498 443 791 342 3 1
A 1375 620 1677 80 2 10
A 1596 462 959 407 2 4
A 820 343 844 745 3 1
A 821 229 1614 517 1 3
A 1354 1035 748 525 2 6
A 1279 1008 365 900 2 2
A 1258 166 1483 511 1 6
A 130 23 990 236 1 3
A 1394 850 1551 110 3 8
A 10 824 1546 177 1 5
A 1116 426 1848 420 1 9
A 1729 486 150 949 2 6
A 576 445 1734 380 1 2
A 183 599 1293 388 1 4
A 620 71 1676 238 2 6
A 626 832 1578 569 2 7
A 1381 374 1837 988 2 2
A 971 303 1700 717 2 9
A 876 952 101 1034 2 1
A 257 751 352 234 1 10
A 1631 1057 641 248 1 7
A 528 638 456 576 3 1
A 1857 808 1128 1040 1 3
A 391 106 1534 218 2 1
A 1015 791 1267 494 3 8
A 860 451 113 792 1 3
A 181 424 48 49 3 10
A 194 544 1788 907 3 1
A 1207 836 1373 900 2 6
A 1493 654 1091 506 2 1
A 300 18 488 1036 1 1
A 1173 1039 682 780 1 2
A 401 810 1480 103 2 7
A 1111 451 298 226 3 5
A 396 1014 870 740 3 10
A 574 689 886 782 1 7
A 1075 331 726 876 3 0
A 93 282 436 778 3 10
A 1086 239 496 808 1 7
A 670 549 273 824 3 9
A 1257 834 1407 148 1 7
A 673 718 775 596 3 3
A 215 658 1752 292 3 6
A 243 809 35 287 2 5
A 197 249 555 578 1 2
A 13 616 1756 264 3 5
A 674 945 1593 769 2 6
A 1413 1079 1770 313 3 8
A 108 379 736 382 2 6
A 393 468 658 269 2 8
A 943 484 283 995 2 8
A 1863 912 1655 395 2 7
A 920 662 1775 148 3 7
A 694 354 1205 794 2 10
A 683 271 1788 390 2 2
A 782 201 366 1062 2 3
A 720 907 1352 551 2 9
A 1786 215 537 623 2 8
A 1466 685 452 983 1 6
A 792 38 28 181 2 6
A 663 857 1187 691 1 6
A 1693 1010 1779 674 1 6
A 9 522 684 228 2 1
A 593 862 775 206 1 0
A 1209 741 1697 424 3 2
A 860 236 1793 246 3 1
A 1545 171 1894 331 3 1
A 614 395 652 493 1 10
A 1495 1064 323 14 3 6
A 570 1040 119 751 2 3
A 1129 583 1705 354 1 3
A 1429 334 1204 329 2 8
A 1907 923 1686 37 1 9
A 175 489 1676 578 3 3
A 1053 800 554 927 3 0
A 1066 461 1118 1019 2 1
A 1374 718 990 202 2 9
A 358 267 1893 1013 3 6
A 1240 271 1900 870 1 2
A 1138 464 999 1008 3 3
A 1297 401 1690 438 2 7
A 993 316 81 914 2 1
A 187 744 241 744 1 6
A 893 848 1408 242 2 7
A 519 523 529 431 1 0
A 853 585 1121 49 3 1
A 792 537 1386 297 3 1
A 314 551 1394 285 1 7
A 216 129 1474 229 2 5
A 1234 846 571 241 2 9
A 268 43 1532 280 1 6
A 312 411 135 726 2 1
A 1674 824 912 975 2 5
A 843 908 528 346 3 9
A 828 1044 1573 128 1 2
A 1659 47 677 484 1 8
A 1420 363 264 193 1 9
A 131 651 1350 196 2 4
A 1657 676 721 201 3 4
A 177 1080 239 203 2 3
A 1554 1033 1422 1062 3 4
A 324 868 550 662 3 7
A 986 1060 1651 301 2 6
A 1785 1075 1636 197 1 10
A 939 956 475 533 1 1
A 1485 315 1743 197 1 4
A 1333 1035 958 518 3 1
A 1187 323 1035 282 1 1
A 401 969 834 591 1 0
A 602 751 823 294 3 10
A 1765 474 148 887 3 8
A 1716 294 1555 978 2 3
A 998 86 1544 658 3 7
A 209 535 1782 887 3 3
A 114 174 981 796 3 4
A 1057 811 523 584 1 3
A 967 939 1653 413 1 0
A 487 865 317 1027 1 4
A 1562 686 1722 942 2 7
A 1128 210 533 279 1 4
A 1452 648 1704 132 2 5
A 286 657 874 265 1 5
A 1230 713 706 802 1 10
A 1051 296 1081 375 3 9
A 1889 928 342 253 1 5
A 1061 635 1094 737 3 3
A 1559 987 528 567 3 7
A 248 424 289 396 1 3
A 1659 748 434 280 2 5
A 1659 485 781 896 2 6
A 1584 448 1426 189 3 10
A 284 736 1696 101 1 1
A 140 261 480 544 3 1
A 140 7 291 39 3 10
A 1076 149 75 954 1 8
A 1226 262 272 64 3 4
A 1775 323 491 329 3 0
A 1756 480 1712 461 2 3
A 1423 294 307 66 2 7
A 524 623 880 813 2 4
A 727 1040 1566 889 3 8
A 113 539 730 473 1 2
A 957 375 1539 686 2 7
A 1296 979 526 272 2 4
A 1010 558 1738 192 1 6
A 430 989 497 328 2 9
A 20 506 249 646 1 2
A 44 48 1436 127 1 10
A 1147 161 1311 133 2 6
A 1636 1040 999 1012 3 3
A 879 852 361 476 3 1
A 1576 434 179 754 3 6
A 590 437 1613 53 2 5
A 149 642 1127 54 2 3
A 804 757 149 1058 2 2
A 452 780 674 752 1 1
A 1666 268 1620 843 2 0
A 1701 52 488 43 1 10
A 550 315 1395 942 3 4
A 1058 821 1758 709 2 7
A 1785 430 1868 657 2 0
A 744 752 666 1066 2 0
A 1340 269 53 702 1 10
A 1420 1040 1450 122 2 4
A 515 54 1224 207 1 7
A 1474 198 1024 893 3 3
A 1378 1024 1857 1062 1 7
A 1799 286 909 625 3 2
A 1064 477 614 496 3 2
A 338 9 1516 741 3 2
A 400 621 713 869 1 3
A 409 282 882 1 2 5
A 1031 230 480 1035 1 8
A 1215 878 669 325 2 1
A 1292 339 446 132 2 4
A 886 974 657 18 1 1
A 193 57 1365 7 1 7
A 869 989 433 277 2 0
A 768 378 1092 418 1 2
A 1109 275 202 492 3 4
A 1883 864 192 549 2 1
A 1701 596 664 82 1 9
A 383 179 797 668 2 4
A 224 85 766 661 1 8
A 296 926 1455 921 2 8
A 36 756 1894 668 3 4
A 1408 353 1545 225 2 4
A 912 696 1254 725 2 0
A 316 876 1010 929 2 5
A 1346 414 1081 167 3 0
A 164 31 1766 338 2 8
A 104 510 1069 1054 1 3
A 899 847 1045 41 1 1
A 1793 580 799 119 3 0
A 1038 703 182 263 3 9
A 130 845 1655 599 1 1
A 1790 864 627 1072 1 3
A 211 99 567 933 3 7
A 1457 619 1590 365 1 0
A 1403 1051 1813 869 2 0
A 1604 253 71 768 3 1
A 935 948 1528 233 3 8
A 1218 962 575 407 1 2
A 1723 969 33 88 3 7
A 1104 819 1322 250 2 9
A 577 152 1080 978 3 5
A 500 196 1219 545 1 6
A 1309 151 793 818 1 5
A 75 269 414 86 1 7
A 1393 948 23 237 3 10
A 1720 155 1293 208 3 0
A 556 89 153 238 1 0
A 960 405 236 792 2 2
A 1881 259 725 595 3 1
A 1728 283 1865 607 2 6
A 1587 713 1284 912 1 0
A 591 561 506 220 3 0
A 92 379 68 788 1 2
A 621 1053 1270 593 1 7
A 846 398 1217 248 3 6
A 290 833 1533 942 3 8
A 1393 91 24 672 3 1
A 11 961 624 156 1 6
A 1405 631 1277 942 3 0
A 690 463 362 660 1 1
A 214 587 567 190 3 7
A 532 591 500 1064 3 5
A 229 1015 1296 924 3 6
A 730 300 1100 137 1 1
A 1722 118 937 914 2 0
A 3 164 1716 477 2 4
A 1050 547 622 282 3 0
A 1556 622 1808 784 3 0
A 724 525 682 1037 2 9
A 1081 396 158 152 1 7
A 1716 822 1160 337 1 4
A 1723 621 450 1027 1 3
A 1128 983 562 1065 2 10
A 1628 343 1824 559 3 2
A 1085 17 1795 439 2 4
A 884 608 1459 967 1 1
A 467 647 663 370 3 4
A 2 681 1892 823 3 4
A 1272 792 1376 127 2 10
A 1286 44 1172 702 2 1
A 186 653 1766 918 3 0
A 343 767 934 871 2 7
A 1665 231 1420 460 2 6
A 1657 915 891 740 3 3
A 1016 860 604 100 2 9
A 273 839 980 287 1 0
A 1493 520 1794 173 2 6
A 1528 350 12 818 1 0
A 703 283 773 135 3 9
A 684 792 1273 819 3 0
A 503 963 1149 262 3 0
A 795 538 276 437 1 4
A 526 593 1039 370 2 1
A 1867 314 69 471 1 10
A 91 335 61 650 1 7
A 392 412 755 1039 3 0
A 751 786 230 55 3 10
A 1818 793 52 571 3 0
A 300 676 355 644 2 2
A 618 839 132 288 3 7
A 606 385 1265 283 3 2
A 903 568 917 930 3 0
A 1350 645 802 924 3 4
A 876 894 801 153 3 8
A 282 1050 953 218 2 0
A 704 910 172 217 3 9
A 1456 1075 120 765 3 3
A 1019 454 1219 203 2 5
A 114 228 268 180 3 1
A 306 455 1845 377 1 8
A 478 188 348 784 3 10
A 1129 399 564 888 1 6
A 1079 218 1242 842 3 7
A 398 432 1744 706 2 1
A 1181 803 1870 584 3 1
A 1803 555 206 843 1 0
A 92 500 618 415 1 2
A 52 898 1655 720 3 6
A 1509 655 1469 167 3 4
A 1581 78 519 919 2 1
A 935 166 1448 470 2 3
A 1434 180 920 148 3 4
A 1527 1018 42 140 1 10
A 1324 1052 277 915 2 10
A 911 531 628 514 3 2
A 1254 691 336 480 2 1
A 204 498 1714 562 1 3
A 714 41 1100 997 3 9
A 413 539 1319 577 1 5
A 1172 40 712 866 1 9
A 1303 950 501 534 2 7
A 1876 351 1666 371 3 7
A 1842 996 1189 259 1 7
A 481 907 941 1018 1 1
A 712 691 588 987 1 0
A 1370 486 804 284 1 8
A 545 760 1277 488 3 10
A 412 1056 200 664 2 9
A 706 601 1687 994 1 8
A 1618 196 1070 413 1 1
A 343 130 1580 764 1 7
A 1913 719 1367 1015 3 6
A 504 827 1049 127 1 3
A 1861 572 158 921 2 2
A 402 762 1129 313 1 4
A 453 52 203 695 1 7
A 1786 632 274 246 1 7
A 1484 1070 357 78 3 1
A 1697 751 1518 613 1 0
A 487 188 888 842 3 4
A 1438 923 446 1058 2 4
A 1626 1013 327 109 2 0
A 1904 327 1696 1048 2 1
A 1202 591 438 1064 3 10
A 1269 1 18 251 2 9
A 223 381 457 254 1 1
A 846 638 1583 465 2 4
A 1184 778 1320 406 2 8
A 429 802 406 639 3 3
A 1527 675 1788 1022 3 1
A 1620 753 1704 890 3 10
A 1120 675 1733 925 3 7
A 941 762 1379 415 3 5
A 1560 715 1099 543 3 8
A 1669 590 1124 688 3 5
A 1582 546 1458 323 3 7
A 1147 506 1753 187 1 0
A 1908 388 1334 232 2 8
A 1592 141 1409 676 2 2
A 1660 829 1743 733 2 3
A 130 209 1833 214 2 3
A 750 957 979 95 3 3
A 180 614 285 402 3 4
A 960 1026 138 809 1 1
A 1889 829 1809 1024 3 2
A 1013 734 1181 63 3 0
A 589 245 1379 473 3 5
A 1733 347 1653 319 2 0
A 1287 469 1544 906 1 1
A 33 621 137 954 3 5
A 341 554 340 409 2 10
A 500 87 341 727 1 2
A 1208 372 287 961 2 4
A 1264 147 292 391 1 1
A 1124 283 339 291 2 2
A 361 34 749 218 3 4
A 1475 375 184 659 3 7
A 859 171 1263 275 2 3
A 736 268 1053 436 1 7
A 932 63 805 639 2 7
A 475 106 947 6 2 4
A 511 685 689 329 3 1
A 900 816 1380 613 2 0
A 217 347 1445 211 3 5
A 994 600 1683 334 3 4
A 277 534 1167 967 2 6
A 1900 893 167 783 2 4
A 1263 273 805 283 3 5
A 1759 719 1722 878 2 0
A 1436 547 274 485 2 5
A 276 697 456 362 2 9
A 1816 592 693 462 2 7
A 1403 18 1415 597 2 6
A 1240 870 1776 833 3 7
A 1669 507 595 574 3 7
A 1558 840 1271 80 1 10
A 1332 934 838 140 2 2
A 1609 687 1732 154 2 0
A 1787 376 997 832 1 9
A 745 998 1712 301 2 6
A 837 515 1888 65 2 6
A 119 164 25 679 2 0
A 1275 464 660 267 2 0
A 71 866 1709 374 1 1
A 1294 179 673 25 1 8
A 193 884 1842 964 2 0
A 112 391 1880 582 1 6
A 1900 231 694 407 2 7
A 950 790 158 475 1 7
A 744 65 1788 33 3 1
A 1830 562 1557 400 1 8
A 1043 735 1553 1045 3 2
A 154 259 1688 409 1 0
A 266 253 1561 791 3 7
A 1265 453 910 381 1 9
T 720 550 44
T 580 390 59
T 1175 680 37
T 810 375 51
T 490 220 65
T 1025 460 48
T 425 630 41
T 970 310 58
T 1345 720 35
T 655 140 74
T 785 540 46
T 1260 690 33
T 855 330 54
T 540 280 67
T 1140 500 42